id1,id2,boundary
2,2,9360.0
2,24,829.0
2,46,830.0
22,22,3996.0
22,45,33.0
24,24,9430.0
24,46,3899.0
24,68,153.0
45,45,23846.0
45,66,3213.0
45,89,4726.0
46,46,31391.0
46,67,2721.0
46,68,5000.0
46,90,5000.0
66,66,13475.0
66,89,4860.0
67,67,27701.0
67,89,4417.0
67,90,3351.0
67,111,4546.0
68,68,21717.0
68,90,2208.0
68,91,1875.0
89,89,10535.0
89,110,2682.0
89,111,5000.0
89,133,5000.0
90,90,28043.0
90,111,4765.0
90,112,3337.0
90,134,5000.0
91,91,3970.0
92,92,11945.0
92,136,2541.0
110,110,10677.0
110,133,4302.0
111,111,692.0
111,133,5000.0
111,134,5000.0
111,155,5000.0
112,112,41378.0
112,134,5000.0
112,135,3463.0
112,156,5000.0
133,133,2407.0
133,154,3428.0
133,155,5000.0
133,177,5000.0
134,155,5000.0
134,156,5000.0
134,178,5000.0
135,135,54282.0
135,156,5000.0
135,157,3631.0
135,179,5000.0
136,136,49655.0
136,157,3220.0
136,180,3666.0
154,154,14843.0
154,176,409.0
154,177,5000.0
154,198,5000.0
155,177,5000.0
155,178,5000.0
155,199,5000.0
156,178,5000.0
156,179,5000.0
156,200,5000.0
157,157,12737.0
157,179,5000.0
157,180,5000.0
157,201,5000.0
158,158,7789.0
158,180,1813.0
158,181,164.0
158,202,5000.0
176,176,11492.0
176,198,4859.0
177,198,5000.0
177,199,5000.0
177,221,5000.0
178,199,5000.0
178,200,5000.0
178,222,5000.0
179,200,5000.0
179,201,5000.0
179,223,5000.0
180,180,5112.0
180,201,5000.0
180,202,5000.0
180,224,5000.0
181,181,14702.0
181,202,5000.0
181,203,2840.0
181,225,5000.0
198,198,423.0
198,220,4667.0
198,221,5000.0
198,242,5000.0
199,221,5000.0
199,222,5000.0
199,243,5000.0
200,222,5000.0
200,223,5000.0
200,244,5000.0
201,223,5000.0
201,224,5000.0
201,245,5000.0
202,224,5000.0
202,225,5000.0
202,246,5000.0
203,203,14993.0
203,225,5000.0
203,226,175.0
203,247,5000.0
220,220,12952.0
220,242,5000.0
220,264,377.0
221,242,5000.0
221,243,5000.0
221,265,5000.0
222,243,5000.0
222,244,5000.0
222,266,5000.0
223,244,5000.0
223,245,5000.0
223,267,5000.0
224,245,5000.0
224,246,5000.0
224,268,5000.0
225,246,5000.0
225,247,5000.0
225,269,5000.0
226,226,10660.0
226,247,5000.0
226,248,1630.0
226,270,5000.0
239,239,163.0
239,261,132.0
242,242,3675.0
242,264,2217.0
242,265,5000.0
242,286,5000.0
243,265,5000.0
243,266,5000.0
243,287,5000.0
244,266,5000.0
244,267,5000.0
244,288,5000.0
245,267,5000.0
245,268,5000.0
245,289,5000.0
246,268,5000.0
246,269,5000.0
246,290,5000.0
247,269,5000.0
247,270,5000.0
247,291,5000.0
248,248,9629.0
248,270,5000.0
248,292,2083.0
259,259,10188.0
259,281,650.0
261,261,18204.0
261,283,2011.0
261,284,1908.0
261,305,5000.0
264,264,7115.0
264,286,321.0
265,286,5000.0
265,287,5000.0
265,309,5000.0
266,287,5000.0
266,288,5000.0
266,310,5000.0
267,288,5000.0
267,289,5000.0
267,311,5000.0
268,289,5000.0
268,290,5000.0
268,312,5000.0
269,290,5000.0
269,291,5000.0
269,313,5000.0
270,291,5000.0
270,292,5000.0
270,314,5000.0
281,281,12559.0
281,303,1476.0
281,325,591.0
283,283,8598.0
283,305,5000.0
283,327,2252.0
284,284,9915.0
284,305,5000.0
284,328,4431.0
286,286,9769.0
286,308,881.0
286,309,5000.0
286,330,5000.0
287,309,5000.0
287,310,5000.0
287,331,5000.0
288,310,5000.0
288,311,5000.0
288,332,5000.0
289,311,5000.0
289,312,5000.0
289,333,5000.0
290,312,5000.0
290,313,5000.0
290,334,5000.0
291,313,5000.0
291,314,5000.0
291,335,5000.0
292,292,8242.0
292,314,5000.0
292,315,4419.0
292,336,5000.0
293,293,3416.0
293,315,1524.0
293,337,789.0
303,303,13052.0
303,325,5000.0
303,326,3527.0
303,347,5000.0
305,327,5000.0
305,328,5000.0
305,349,5000.0
306,306,7754.0
306,328,1999.0
306,350,3967.0
308,308,4722.0
308,330,1446.0
309,330,5000.0
309,331,5000.0
309,353,5000.0
310,331,5000.0
310,332,5000.0
310,354,5000.0
311,332,5000.0
311,333,5000.0
311,355,5000.0
312,333,5000.0
312,334,5000.0
312,356,5000.0
313,334,5000.0
313,335,5000.0
313,357,5000.0
314,335,5000.0
314,336,5000.0
314,358,5000.0
315,315,8450.0
315,336,5000.0
315,337,5000.0
315,359,5000.0
316,316,3448.0
316,337,1982.0
316,360,1301.0
322,322,2941.0
322,343,493.0
322,366,2337.0
323,323,6448.0
323,345,3157.0
323,367,2703.0
325,325,10211.0
325,346,1952.0
325,347,5000.0
325,369,5000.0
326,326,10134.0
326,347,5000.0
326,348,4517.0
326,370,5000.0
327,327,7536.0
327,348,4966.0
327,349,5000.0
327,371,5000.0
328,328,3355.0
328,349,5000.0
328,350,5000.0
328,372,5000.0
329,329,648.0
329,350,350.0
330,330,8060.0
330,352,922.0
330,353,5000.0
330,374,5000.0
331,353,5000.0
331,354,5000.0
331,375,5000.0
332,354,5000.0
332,355,5000.0
332,376,5000.0
333,355,5000.0
333,356,5000.0
333,377,5000.0
334,356,5000.0
334,357,5000.0
334,378,5000.0
335,357,5000.0
335,358,5000.0
335,379,5000.0
336,358,5000.0
336,359,5000.0
336,380,5000.0
337,337,8192.0
337,359,5000.0
337,360,5000.0
337,381,5000.0
338,338,1654.0
338,360,554.0
338,382,1248.0
342,342,9801.0
342,365,1916.0
342,386,2058.0
343,343,11104.0
343,365,2133.0
343,366,5000.0
343,387,5000.0
344,344,10264.0
344,366,3759.0
344,367,2478.0
344,388,5000.0
345,345,20158.0
345,367,5000.0
345,368,2954.0
345,389,5000.0
346,346,8867.0
346,368,529.0
346,369,5000.0
346,390,5000.0
347,369,5000.0
347,370,5000.0
347,391,5000.0
348,348,5690.0
348,370,5000.0
348,371,5000.0
348,392,5000.0
349,371,5000.0
349,372,5000.0
349,393,5000.0
350,350,6981.0
350,372,5000.0
350,373,3632.0
350,394,5000.0
352,352,3545.0
352,374,1174.0
353,374,5000.0
353,375,5000.0
353,397,5000.0
354,375,5000.0
354,376,5000.0
354,398,5000.0
355,376,5000.0
355,377,5000.0
355,399,5000.0
356,377,5000.0
356,378,5000.0
356,400,5000.0
357,378,5000.0
357,379,5000.0
357,401,5000.0
358,379,5000.0
358,380,5000.0
358,402,5000.0
359,380,5000.0
359,381,5000.0
359,403,5000.0
360,360,8395.0
360,381,5000.0
360,382,5000.0
360,404,5000.0
363,363,817.0
363,407,492.0
364,364,11492.0
364,385,1566.0
364,386,2372.0
364,408,5000.0
365,365,9695.0
365,386,5000.0
365,387,5000.0
365,409,5000.0
366,366,4375.0
366,387,5000.0
366,388,5000.0
366,410,5000.0
367,367,4383.0
367,388,5000.0
367,389,5000.0
367,411,5000.0
368,368,11086.0
368,389,5000.0
368,390,5000.0
368,412,5000.0
369,390,5000.0
369,391,5000.0
369,413,5000.0
370,391,5000.0
370,392,5000.0
370,414,5000.0
371,392,5000.0
371,393,5000.0
371,415,5000.0
372,393,5000.0
372,394,5000.0
372,416,5000.0
373,373,10043.0
373,394,5000.0
373,417,3351.0
374,374,12146.0
374,397,5000.0
374,418,1862.0
375,397,5000.0
375,398,5000.0
375,419,5000.0
376,398,5000.0
376,399,5000.0
376,420,5000.0
377,399,5000.0
377,400,5000.0
377,421,5000.0
378,400,5000.0
378,401,5000.0
378,422,5000.0
379,401,5000.0
379,402,5000.0
379,423,5000.0
380,402,5000.0
380,403,5000.0
380,424,5000.0
381,403,5000.0
381,404,5000.0
381,425,5000.0
382,382,10146.0
382,404,5000.0
382,405,4974.0
382,426,5000.0
383,383,9691.0
383,405,3622.0
383,406,1961.0
383,427,5000.0
384,384,7586.0
384,406,974.0
384,407,3209.0
384,428,5000.0
385,385,11897.0
385,407,1752.0
385,408,5000.0
385,429,5000.0
386,386,23754.0
386,408,5000.0
386,409,5000.0
386,430,5000.0
387,409,5000.0
387,410,5000.0
387,431,5000.0
388,410,5000.0
388,411,5000.0
388,432,5000.0
389,411,5000.0
389,412,5000.0
389,433,5000.0
390,412,5000.0
390,413,5000.0
390,434,5000.0
391,413,5000.0
391,414,5000.0
391,435,5000.0
392,414,5000.0
392,415,5000.0
392,436,5000.0
393,415,5000.0
393,416,5000.0
393,437,5000.0
394,416,5000.0
394,417,5000.0
394,438,5000.0
397,418,5000.0
397,419,5000.0
397,441,5000.0
398,419,5000.0
398,420,5000.0
398,442,5000.0
399,420,5000.0
399,421,5000.0
399,443,5000.0
400,421,5000.0
400,422,5000.0
400,444,5000.0
401,422,5000.0
401,423,5000.0
401,445,5000.0
402,423,5000.0
402,424,5000.0
402,446,5000.0
403,424,5000.0
403,425,5000.0
403,447,5000.0
404,425,5000.0
404,426,5000.0
404,448,5000.0
405,405,6719.0
405,426,5000.0
405,427,5000.0
405,449,5000.0
406,406,10892.0
406,427,5000.0
406,428,5000.0
406,450,5000.0
407,407,14232.0
407,428,5000.0
407,429,5000.0
407,451,5000.0
408,429,5000.0
408,430,5000.0
408,452,5000.0
409,430,5000.0
409,431,5000.0
409,453,5000.0
410,431,5000.0
410,432,5000.0
410,454,5000.0
411,432,5000.0
411,433,5000.0
411,455,5000.0
412,433,5000.0
412,434,5000.0
412,456,5000.0
413,434,5000.0
413,435,5000.0
413,457,5000.0
414,435,5000.0
414,436,5000.0
414,458,5000.0
415,436,5000.0
415,437,5000.0
415,459,5000.0
416,437,5000.0
416,438,5000.0
416,460,5000.0
417,417,15014.0
417,438,5000.0
417,461,2148.0
418,418,9384.0
418,441,3500.0
419,441,5000.0
419,442,5000.0
419,463,5000.0
420,442,5000.0
420,443,5000.0
420,464,5000.0
421,443,5000.0
421,444,5000.0
421,465,5000.0
422,444,5000.0
422,445,5000.0
422,466,5000.0
423,445,5000.0
423,446,5000.0
423,467,5000.0
424,446,5000.0
424,447,5000.0
424,468,5000.0
425,447,5000.0
425,448,5000.0
425,469,5000.0
426,448,5000.0
426,449,5000.0
426,470,5000.0
427,449,5000.0
427,450,5000.0
427,471,5000.0
428,450,5000.0
428,451,5000.0
428,472,5000.0
429,451,5000.0
429,452,5000.0
429,473,5000.0
430,452,5000.0
430,453,5000.0
430,474,5000.0
431,453,5000.0
431,454,5000.0
431,475,5000.0
432,454,5000.0
432,455,5000.0
432,476,5000.0
433,455,5000.0
433,456,5000.0
433,477,5000.0
434,456,5000.0
434,457,5000.0
434,478,5000.0
435,457,5000.0
435,458,5000.0
435,479,5000.0
436,458,5000.0
436,459,5000.0
436,480,5000.0
437,459,5000.0
437,460,5000.0
437,481,5000.0
438,460,5000.0
438,461,5000.0
438,482,5000.0
441,441,2402.0
441,462,3762.0
441,463,5000.0
441,485,5000.0
442,463,5000.0
442,464,5000.0
442,486,5000.0
443,464,5000.0
443,465,5000.0
443,487,5000.0
444,465,5000.0
444,466,5000.0
444,488,5000.0
445,466,5000.0
445,467,5000.0
445,489,5000.0
446,467,5000.0
446,468,5000.0
446,490,5000.0
447,468,5000.0
447,469,5000.0
447,491,5000.0
448,469,5000.0
448,470,5000.0
448,492,5000.0
449,470,5000.0
449,471,5000.0
449,493,5000.0
450,471,5000.0
450,472,5000.0
450,494,5000.0
451,472,5000.0
451,473,5000.0
451,495,5000.0
452,473,5000.0
452,474,5000.0
452,496,5000.0
453,474,5000.0
453,475,5000.0
453,497,5000.0
454,475,5000.0
454,476,5000.0
454,498,5000.0
455,476,5000.0
455,477,5000.0
455,499,5000.0
456,477,5000.0
456,478,5000.0
456,500,5000.0
457,478,5000.0
457,479,5000.0
457,501,5000.0
458,479,5000.0
458,480,5000.0
458,502,5000.0
459,480,5000.0
459,481,5000.0
459,503,5000.0
460,481,5000.0
460,482,5000.0
460,504,5000.0
461,461,8436.0
461,482,3606.0
462,462,12341.0
462,485,3179.0
463,485,5000.0
463,486,5000.0
463,507,5000.0
464,486,5000.0
464,487,5000.0
464,508,5000.0
465,487,5000.0
465,488,5000.0
465,509,5000.0
466,488,5000.0
466,489,5000.0
466,510,5000.0
467,489,5000.0
467,490,5000.0
467,511,5000.0
468,490,5000.0
468,491,5000.0
468,512,5000.0
469,491,5000.0
469,492,5000.0
469,513,5000.0
470,492,5000.0
470,493,5000.0
470,514,5000.0
471,493,5000.0
471,494,5000.0
471,515,5000.0
472,494,5000.0
472,495,5000.0
472,516,5000.0
473,495,5000.0
473,496,5000.0
473,517,5000.0
474,496,5000.0
474,497,5000.0
474,518,5000.0
475,497,5000.0
475,498,5000.0
475,519,5000.0
476,498,5000.0
476,499,5000.0
476,520,5000.0
477,499,5000.0
477,500,5000.0
477,521,5000.0
478,500,5000.0
478,501,5000.0
478,522,5000.0
479,501,5000.0
479,502,5000.0
479,523,5000.0
480,502,5000.0
480,503,5000.0
480,524,5000.0
481,503,5000.0
481,504,5000.0
481,525,5000.0
482,482,4897.0
482,504,5000.0
482,505,1173.0
482,526,5000.0
485,485,8903.0
485,507,5000.0
485,529,3967.0
486,507,5000.0
486,508,5000.0
486,530,5000.0
487,508,5000.0
487,509,5000.0
487,531,5000.0
488,509,5000.0
488,510,5000.0
488,532,5000.0
489,510,5000.0
489,511,5000.0
489,533,5000.0
490,511,5000.0
490,512,5000.0
490,534,5000.0
491,512,5000.0
491,513,5000.0
491,535,5000.0
492,513,5000.0
492,514,5000.0
492,536,5000.0
493,514,5000.0
493,515,5000.0
493,537,5000.0
494,515,5000.0
494,516,5000.0
494,538,5000.0
495,516,5000.0
495,517,5000.0
495,539,5000.0
496,517,5000.0
496,518,5000.0
496,540,5000.0
497,518,5000.0
497,519,5000.0
497,541,5000.0
498,519,5000.0
498,520,5000.0
498,542,5000.0
499,520,5000.0
499,521,5000.0
499,543,5000.0
500,521,5000.0
500,522,5000.0
500,544,5000.0
501,522,5000.0
501,523,5000.0
501,545,5000.0
502,523,5000.0
502,524,5000.0
502,546,5000.0
503,524,5000.0
503,525,5000.0
503,547,5000.0
504,525,5000.0
504,526,5000.0
504,548,5000.0
505,505,3607.0
505,526,2246.0
507,529,5000.0
507,530,5000.0
507,551,5000.0
508,530,5000.0
508,531,5000.0
508,552,5000.0
509,531,5000.0
509,532,5000.0
509,553,5000.0
510,532,5000.0
510,533,5000.0
510,554,5000.0
511,533,5000.0
511,534,5000.0
511,555,5000.0
512,534,5000.0
512,535,5000.0
512,556,5000.0
513,535,5000.0
513,536,5000.0
513,557,5000.0
514,536,5000.0
514,537,5000.0
514,558,5000.0
515,537,5000.0
515,538,5000.0
515,559,5000.0
516,538,5000.0
516,539,5000.0
516,560,5000.0
517,539,5000.0
517,540,5000.0
517,561,5000.0
518,540,5000.0
518,541,5000.0
518,562,5000.0
519,541,5000.0
519,542,5000.0
519,563,5000.0
520,542,5000.0
520,543,5000.0
520,564,5000.0
521,543,5000.0
521,544,5000.0
521,565,5000.0
522,544,5000.0
522,545,5000.0
522,566,5000.0
523,545,5000.0
523,546,5000.0
523,567,5000.0
524,546,5000.0
524,547,5000.0
524,568,5000.0
525,547,5000.0
525,548,5000.0
525,569,5000.0
526,526,7684.0
526,548,5000.0
526,549,1133.0
526,570,5000.0
529,529,9722.0
529,551,5000.0
529,573,312.0
530,551,5000.0
530,552,5000.0
530,574,5000.0
531,552,5000.0
531,553,5000.0
531,575,5000.0
532,553,5000.0
532,554,5000.0
532,576,5000.0
533,554,5000.0
533,555,5000.0
533,577,5000.0
534,555,5000.0
534,556,5000.0
534,578,5000.0
535,556,5000.0
535,557,5000.0
535,579,5000.0
536,557,5000.0
536,558,5000.0
536,580,5000.0
537,558,5000.0
537,559,5000.0
537,581,5000.0
538,559,5000.0
538,560,5000.0
538,582,5000.0
539,560,5000.0
539,561,5000.0
539,583,5000.0
540,561,5000.0
540,562,5000.0
540,584,5000.0
541,562,5000.0
541,563,5000.0
541,585,5000.0
542,563,5000.0
542,564,5000.0
542,586,5000.0
543,564,5000.0
543,565,5000.0
543,587,5000.0
544,565,5000.0
544,566,5000.0
544,588,5000.0
545,566,5000.0
545,567,5000.0
545,589,5000.0
546,567,5000.0
546,568,5000.0
546,590,5000.0
547,568,5000.0
547,569,5000.0
547,591,5000.0
548,569,5000.0
548,570,5000.0
548,592,5000.0
549,549,10840.0
549,570,5000.0
549,593,1657.0
551,573,5000.0
551,574,5000.0
551,595,5000.0
552,574,5000.0
552,575,5000.0
552,596,5000.0
553,575,5000.0
553,576,5000.0
553,597,5000.0
554,576,5000.0
554,577,5000.0
554,598,5000.0
555,577,5000.0
555,578,5000.0
555,599,5000.0
556,578,5000.0
556,579,5000.0
556,600,5000.0
557,579,5000.0
557,580,5000.0
557,601,5000.0
558,580,5000.0
558,581,5000.0
558,602,5000.0
559,581,5000.0
559,582,5000.0
559,603,5000.0
560,582,5000.0
560,583,5000.0
560,604,5000.0
561,583,5000.0
561,584,5000.0
561,605,5000.0
562,584,5000.0
562,585,5000.0
562,606,5000.0
563,585,5000.0
563,586,5000.0
563,607,5000.0
564,586,5000.0
564,587,5000.0
564,608,5000.0
565,587,5000.0
565,588,5000.0
565,609,5000.0
566,588,5000.0
566,589,5000.0
566,610,5000.0
567,589,5000.0
567,590,5000.0
567,611,5000.0
568,590,5000.0
568,591,5000.0
568,612,5000.0
569,591,5000.0
569,592,5000.0
569,613,5000.0
570,592,5000.0
570,593,5000.0
570,614,5000.0
573,573,16562.0
573,595,3046.0
574,595,5000.0
574,596,5000.0
574,618,5000.0
575,596,5000.0
575,597,5000.0
575,619,5000.0
576,597,5000.0
576,598,5000.0
576,620,5000.0
577,598,5000.0
577,599,5000.0
577,621,5000.0
578,599,5000.0
578,600,5000.0
578,622,5000.0
579,600,5000.0
579,601,5000.0
579,623,5000.0
580,601,5000.0
580,602,5000.0
580,624,5000.0
581,602,5000.0
581,603,5000.0
581,625,5000.0
582,603,5000.0
582,604,5000.0
582,626,5000.0
583,604,5000.0
583,605,5000.0
583,627,5000.0
584,605,5000.0
584,606,5000.0
584,628,5000.0
585,606,5000.0
585,607,5000.0
585,629,5000.0
586,607,5000.0
586,608,5000.0
586,630,5000.0
587,608,5000.0
587,609,5000.0
587,631,5000.0
588,609,5000.0
588,610,5000.0
588,632,5000.0
589,610,5000.0
589,611,5000.0
589,633,5000.0
590,611,5000.0
590,612,5000.0
590,634,5000.0
591,612,5000.0
591,613,5000.0
591,635,5000.0
592,613,5000.0
592,614,5000.0
592,636,5000.0
593,593,20065.0
593,614,3503.0
595,595,6591.0
595,617,2062.0
595,618,5000.0
595,639,5000.0
596,618,5000.0
596,619,5000.0
596,640,5000.0
597,619,5000.0
597,620,5000.0
597,641,5000.0
598,620,5000.0
598,621,5000.0
598,642,5000.0
599,621,5000.0
599,622,5000.0
599,643,5000.0
600,622,5000.0
600,623,5000.0
600,644,5000.0
601,623,5000.0
601,624,5000.0
601,645,5000.0
602,624,5000.0
602,625,5000.0
602,646,5000.0
603,625,5000.0
603,626,5000.0
603,647,5000.0
604,626,5000.0
604,627,5000.0
604,648,5000.0
605,627,5000.0
605,628,5000.0
605,649,5000.0
606,628,5000.0
606,629,5000.0
606,650,5000.0
607,629,5000.0
607,630,5000.0
607,651,5000.0
608,630,5000.0
608,631,5000.0
608,652,5000.0
609,631,5000.0
609,632,5000.0
609,653,5000.0
610,632,5000.0
610,633,5000.0
610,654,5000.0
611,633,5000.0
611,634,5000.0
611,655,5000.0
612,634,5000.0
612,635,5000.0
612,656,5000.0
613,635,5000.0
613,636,5000.0
613,657,5000.0
614,614,6544.0
614,636,5000.0
614,658,3780.0
617,617,4539.0
617,639,1988.0
618,639,5000.0
618,640,5000.0
618,662,5000.0
619,640,5000.0
619,641,5000.0
619,663,5000.0
620,641,5000.0
620,642,5000.0
620,664,5000.0
621,642,5000.0
621,643,5000.0
621,665,5000.0
622,643,5000.0
622,644,5000.0
622,666,5000.0
623,644,5000.0
623,645,5000.0
623,667,5000.0
624,645,5000.0
624,646,5000.0
624,668,5000.0
625,646,5000.0
625,647,5000.0
625,669,5000.0
626,647,5000.0
626,648,5000.0
626,670,5000.0
627,648,5000.0
627,649,5000.0
627,671,5000.0
628,649,5000.0
628,650,5000.0
628,672,5000.0
629,650,5000.0
629,651,5000.0
629,673,5000.0
630,651,5000.0
630,652,5000.0
630,674,5000.0
631,652,5000.0
631,653,5000.0
631,675,5000.0
632,653,5000.0
632,654,5000.0
632,676,5000.0
633,654,5000.0
633,655,5000.0
633,677,5000.0
634,655,5000.0
634,656,5000.0
634,678,5000.0
635,656,5000.0
635,657,5000.0
635,679,5000.0
636,657,5000.0
636,658,5000.0
636,680,5000.0
639,639,11344.0
639,662,4211.0
640,662,5000.0
640,663,5000.0
640,684,5000.0
641,663,5000.0
641,664,5000.0
641,685,5000.0
642,664,5000.0
642,665,5000.0
642,686,5000.0
643,665,5000.0
643,666,5000.0
643,687,5000.0
644,666,5000.0
644,667,5000.0
644,688,5000.0
645,667,5000.0
645,668,5000.0
645,689,5000.0
646,668,5000.0
646,669,5000.0
646,690,5000.0
647,669,5000.0
647,670,5000.0
647,691,5000.0
648,670,5000.0
648,671,5000.0
648,692,5000.0
649,671,5000.0
649,672,5000.0
649,693,5000.0
650,672,5000.0
650,673,5000.0
650,694,5000.0
651,673,5000.0
651,674,5000.0
651,695,5000.0
652,674,5000.0
652,675,5000.0
652,696,5000.0
653,675,5000.0
653,676,5000.0
653,697,5000.0
654,676,5000.0
654,677,5000.0
654,698,5000.0
655,677,5000.0
655,678,5000.0
655,699,5000.0
656,678,5000.0
656,679,5000.0
656,700,5000.0
657,679,5000.0
657,680,5000.0
657,701,5000.0
658,658,9572.0
658,680,5000.0
658,702,624.0
662,662,3078.0
662,683,3230.0
662,684,5000.0
662,706,5000.0
663,684,5000.0
663,685,5000.0
663,707,5000.0
664,685,5000.0
664,686,5000.0
664,708,5000.0
665,686,5000.0
665,687,5000.0
665,709,5000.0
666,687,5000.0
666,688,5000.0
666,710,5000.0
667,688,5000.0
667,689,5000.0
667,711,5000.0
668,689,5000.0
668,690,5000.0
668,712,5000.0
669,690,5000.0
669,691,5000.0
669,713,5000.0
670,691,5000.0
670,692,5000.0
670,714,5000.0
671,692,5000.0
671,693,5000.0
671,715,5000.0
672,693,5000.0
672,694,5000.0
672,716,5000.0
673,694,5000.0
673,695,5000.0
673,717,5000.0
674,695,5000.0
674,696,5000.0
674,718,5000.0
675,696,5000.0
675,697,5000.0
675,719,5000.0
676,697,5000.0
676,698,5000.0
676,720,5000.0
677,698,5000.0
677,699,5000.0
677,721,5000.0
678,699,5000.0
678,700,5000.0
678,722,5000.0
679,700,5000.0
679,701,5000.0
679,723,5000.0
680,701,5000.0
680,702,5000.0
680,724,5000.0
683,683,8984.0
683,706,468.0
684,706,5000.0
684,707,5000.0
684,728,5000.0
685,707,5000.0
685,708,5000.0
685,729,5000.0
686,708,5000.0
686,709,5000.0
686,730,5000.0
687,709,5000.0
687,710,5000.0
687,731,5000.0
688,710,5000.0
688,711,5000.0
688,732,5000.0
689,711,5000.0
689,712,5000.0
689,733,5000.0
690,712,5000.0
690,713,5000.0
690,734,5000.0
691,713,5000.0
691,714,5000.0
691,735,5000.0
692,714,5000.0
692,715,5000.0
692,736,5000.0
693,715,5000.0
693,716,5000.0
693,737,5000.0
694,716,5000.0
694,717,5000.0
694,738,5000.0
695,717,5000.0
695,718,5000.0
695,739,5000.0
696,718,5000.0
696,719,5000.0
696,740,5000.0
697,719,5000.0
697,720,5000.0
697,741,5000.0
698,720,5000.0
698,721,5000.0
698,742,5000.0
699,721,5000.0
699,722,5000.0
699,743,5000.0
700,722,5000.0
700,723,5000.0
700,744,5000.0
701,723,5000.0
701,724,5000.0
701,745,5000.0
702,702,9770.0
702,724,5000.0
702,746,1373.0
706,706,11348.0
706,728,4190.0
707,728,5000.0
707,729,5000.0
707,751,5000.0
708,729,5000.0
708,730,5000.0
708,752,5000.0
709,730,5000.0
709,731,5000.0
709,753,5000.0
710,731,5000.0
710,732,5000.0
710,754,5000.0
711,732,5000.0
711,733,5000.0
711,755,5000.0
712,733,5000.0
712,734,5000.0
712,756,5000.0
713,734,5000.0
713,735,5000.0
713,757,5000.0
714,735,5000.0
714,736,5000.0
714,758,5000.0
715,736,5000.0
715,737,5000.0
715,759,5000.0
716,737,5000.0
716,738,5000.0
716,760,5000.0
717,738,5000.0
717,739,5000.0
717,761,5000.0
718,739,5000.0
718,740,5000.0
718,762,5000.0
719,740,5000.0
719,741,5000.0
719,763,5000.0
720,741,5000.0
720,742,5000.0
720,764,5000.0
721,742,5000.0
721,743,5000.0
721,765,5000.0
722,743,5000.0
722,744,5000.0
722,766,5000.0
723,744,5000.0
723,745,5000.0
723,767,5000.0
724,745,5000.0
724,746,5000.0
724,768,5000.0
728,728,7716.0
728,751,5000.0
728,772,3469.0
729,751,5000.0
729,752,5000.0
729,773,5000.0
730,752,5000.0
730,753,5000.0
730,774,5000.0
731,753,5000.0
731,754,5000.0
731,775,5000.0
732,754,5000.0
732,755,5000.0
732,776,5000.0
733,755,5000.0
733,756,5000.0
733,777,5000.0
734,756,5000.0
734,757,5000.0
734,778,5000.0
735,757,5000.0
735,758,5000.0
735,779,5000.0
736,758,5000.0
736,759,5000.0
736,780,5000.0
737,759,5000.0
737,760,5000.0
737,781,5000.0
738,760,5000.0
738,761,5000.0
738,782,5000.0
739,761,5000.0
739,762,5000.0
739,783,5000.0
740,762,5000.0
740,763,5000.0
740,784,5000.0
741,763,5000.0
741,764,5000.0
741,785,5000.0
742,764,5000.0
742,765,5000.0
742,786,5000.0
743,765,5000.0
743,766,5000.0
743,787,5000.0
744,766,5000.0
744,767,5000.0
744,788,5000.0
745,767,5000.0
745,768,5000.0
745,789,5000.0
746,746,11584.0
746,768,5000.0
746,790,2598.0
751,772,5000.0
751,773,5000.0
751,795,5000.0
752,773,5000.0
752,774,5000.0
752,796,5000.0
753,774,5000.0
753,775,5000.0
753,797,5000.0
754,775,5000.0
754,776,5000.0
754,798,5000.0
755,776,5000.0
755,777,5000.0
755,799,5000.0
756,777,5000.0
756,778,5000.0
756,800,5000.0
757,778,5000.0
757,779,5000.0
757,801,5000.0
758,779,5000.0
758,780,5000.0
758,802,5000.0
759,780,5000.0
759,781,5000.0
759,803,5000.0
760,781,5000.0
760,782,5000.0
760,804,5000.0
761,782,5000.0
761,783,5000.0
761,805,5000.0
762,783,5000.0
762,784,5000.0
762,806,5000.0
763,784,5000.0
763,785,5000.0
763,807,5000.0
764,785,5000.0
764,786,5000.0
764,808,5000.0
765,786,5000.0
765,787,5000.0
765,809,5000.0
766,787,5000.0
766,788,5000.0
766,810,5000.0
767,788,5000.0
767,789,5000.0
767,811,5000.0
768,789,5000.0
768,790,5000.0
768,812,5000.0
772,772,9483.0
772,795,3433.0
773,795,5000.0
773,796,5000.0
773,817,5000.0
774,796,5000.0
774,797,5000.0
774,818,5000.0
775,797,5000.0
775,798,5000.0
775,819,5000.0
776,798,5000.0
776,799,5000.0
776,820,5000.0
777,799,5000.0
777,800,5000.0
777,821,5000.0
778,800,5000.0
778,801,5000.0
778,822,5000.0
779,801,5000.0
779,802,5000.0
779,823,5000.0
780,802,5000.0
780,803,5000.0
780,824,5000.0
781,803,5000.0
781,804,5000.0
781,825,5000.0
782,804,5000.0
782,805,5000.0
782,826,5000.0
783,805,5000.0
783,806,5000.0
783,827,5000.0
784,806,5000.0
784,807,5000.0
784,828,5000.0
785,807,5000.0
785,808,5000.0
785,829,5000.0
786,808,5000.0
786,809,5000.0
786,830,5000.0
787,809,5000.0
787,810,5000.0
787,831,5000.0
788,810,5000.0
788,811,5000.0
788,832,5000.0
789,811,5000.0
789,812,5000.0
789,833,5000.0
790,790,9524.0
790,812,3480.0
795,795,6069.0
795,817,5000.0
795,839,4845.0
796,817,5000.0
796,818,5000.0
796,840,5000.0
797,818,5000.0
797,819,5000.0
797,841,5000.0
798,819,5000.0
798,820,5000.0
798,842,5000.0
799,820,5000.0
799,821,5000.0
799,843,5000.0
800,821,5000.0
800,822,5000.0
800,844,5000.0
801,822,5000.0
801,823,5000.0
801,845,5000.0
802,823,5000.0
802,824,5000.0
802,846,5000.0
803,824,5000.0
803,825,5000.0
803,847,5000.0
804,825,5000.0
804,826,5000.0
804,848,5000.0
805,826,5000.0
805,827,5000.0
805,849,5000.0
806,827,5000.0
806,828,5000.0
806,850,5000.0
807,828,5000.0
807,829,5000.0
807,851,5000.0
808,829,5000.0
808,830,5000.0
808,852,5000.0
809,830,5000.0
809,831,5000.0
809,853,5000.0
810,831,5000.0
810,832,5000.0
810,854,5000.0
811,832,5000.0
811,833,5000.0
811,855,5000.0
812,812,3534.0
812,833,5000.0
812,834,2794.0
812,856,5000.0
817,839,5000.0
817,840,5000.0
817,861,5000.0
818,840,5000.0
818,841,5000.0
818,862,5000.0
819,841,5000.0
819,842,5000.0
819,863,5000.0
820,842,5000.0
820,843,5000.0
820,864,5000.0
821,843,5000.0
821,844,5000.0
821,865,5000.0
822,844,5000.0
822,845,5000.0
822,866,5000.0
823,845,5000.0
823,846,5000.0
823,867,5000.0
824,846,5000.0
824,847,5000.0
824,868,5000.0
825,847,5000.0
825,848,5000.0
825,869,5000.0
826,848,5000.0
826,849,5000.0
826,870,5000.0
827,849,5000.0
827,850,5000.0
827,871,5000.0
828,850,5000.0
828,851,5000.0
828,872,5000.0
829,851,5000.0
829,852,5000.0
829,873,5000.0
830,852,5000.0
830,853,5000.0
830,874,5000.0
831,853,5000.0
831,854,5000.0
831,875,5000.0
832,854,5000.0
832,855,5000.0
832,876,5000.0
833,855,5000.0
833,856,5000.0
833,877,5000.0
834,834,6176.0
834,856,801.0
839,839,9456.0
839,861,5000.0
839,883,3863.0
840,861,5000.0
840,862,5000.0
840,884,5000.0
841,862,5000.0
841,863,5000.0
841,885,5000.0
842,863,5000.0
842,864,5000.0
842,886,5000.0
843,864,5000.0
843,865,5000.0
843,887,5000.0
844,865,5000.0
844,866,5000.0
844,888,5000.0
845,866,5000.0
845,867,5000.0
845,889,5000.0
846,867,5000.0
846,868,5000.0
846,890,5000.0
847,868,5000.0
847,869,5000.0
847,891,5000.0
848,869,5000.0
848,870,5000.0
848,892,5000.0
849,870,5000.0
849,871,5000.0
849,893,5000.0
850,871,5000.0
850,872,5000.0
850,894,5000.0
851,872,5000.0
851,873,5000.0
851,895,5000.0
852,873,5000.0
852,874,5000.0
852,896,5000.0
853,874,5000.0
853,875,5000.0
853,897,5000.0
854,875,5000.0
854,876,5000.0
854,898,5000.0
855,876,5000.0
855,877,5000.0
855,899,5000.0
856,856,8540.0
856,877,5000.0
856,900,3306.0
861,883,5000.0
861,884,5000.0
861,905,5000.0
862,884,5000.0
862,885,5000.0
862,906,5000.0
863,885,5000.0
863,886,5000.0
863,907,5000.0
864,886,5000.0
864,887,5000.0
864,908,5000.0
865,887,5000.0
865,888,5000.0
865,909,5000.0
866,888,5000.0
866,889,5000.0
866,910,5000.0
867,889,5000.0
867,890,5000.0
867,911,5000.0
868,890,5000.0
868,891,5000.0
868,912,5000.0
869,891,5000.0
869,892,5000.0
869,913,5000.0
870,892,5000.0
870,893,5000.0
870,914,5000.0
871,893,5000.0
871,894,5000.0
871,915,5000.0
872,894,5000.0
872,895,5000.0
872,916,5000.0
873,895,5000.0
873,896,5000.0
873,917,5000.0
874,896,5000.0
874,897,5000.0
874,918,5000.0
875,897,5000.0
875,898,5000.0
875,919,5000.0
876,898,5000.0
876,899,5000.0
876,920,5000.0
877,899,5000.0
877,900,5000.0
877,921,5000.0
883,883,24321.0
883,904,1102.0
883,905,3073.0
883,927,1362.0
884,905,5000.0
884,906,5000.0
884,928,5000.0
885,906,5000.0
885,907,5000.0
885,929,5000.0
886,907,5000.0
886,908,5000.0
886,930,5000.0
887,908,5000.0
887,909,5000.0
887,931,5000.0
888,909,5000.0
888,910,5000.0
888,932,5000.0
889,910,5000.0
889,911,5000.0
889,933,5000.0
890,911,5000.0
890,912,5000.0
890,934,5000.0
891,912,5000.0
891,913,5000.0
891,935,5000.0
892,913,5000.0
892,914,5000.0
892,936,5000.0
893,914,5000.0
893,915,5000.0
893,937,5000.0
894,915,5000.0
894,916,5000.0
894,938,5000.0
895,916,5000.0
895,917,5000.0
895,939,5000.0
896,917,5000.0
896,918,5000.0
896,940,5000.0
897,918,5000.0
897,919,5000.0
897,941,5000.0
898,919,5000.0
898,920,5000.0
898,942,5000.0
899,920,5000.0
899,921,5000.0
899,943,5000.0
900,900,10693.0
900,921,5000.0
900,922,2023.0
900,944,5000.0
904,904,30726.0
904,927,3168.0
904,948,2606.0
905,905,14495.0
905,928,5000.0
905,949,3482.0
906,928,5000.0
906,929,5000.0
906,950,5000.0
907,929,5000.0
907,930,5000.0
907,951,5000.0
908,930,5000.0
908,931,5000.0
908,952,5000.0
909,931,5000.0
909,932,5000.0
909,953,5000.0
910,932,5000.0
910,933,5000.0
910,954,5000.0
911,933,5000.0
911,934,5000.0
911,955,5000.0
912,934,5000.0
912,935,5000.0
912,956,5000.0
913,935,5000.0
913,936,5000.0
913,957,5000.0
914,936,5000.0
914,937,5000.0
914,958,5000.0
915,937,5000.0
915,938,5000.0
915,959,5000.0
916,938,5000.0
916,939,5000.0
916,960,5000.0
917,939,5000.0
917,940,5000.0
917,961,5000.0
918,940,5000.0
918,941,5000.0
918,962,5000.0
919,941,5000.0
919,942,5000.0
919,963,5000.0
920,942,5000.0
920,943,5000.0
920,964,5000.0
921,943,5000.0
921,944,5000.0
921,965,5000.0
922,922,4730.0
922,944,1747.0
927,927,13462.0
928,949,5000.0
928,950,5000.0
928,972,5000.0
929,950,5000.0
929,951,5000.0
929,973,5000.0
930,951,5000.0
930,952,5000.0
930,974,5000.0
931,952,5000.0
931,953,5000.0
931,975,5000.0
932,953,5000.0
932,954,5000.0
932,976,5000.0
933,954,5000.0
933,955,5000.0
933,977,5000.0
934,955,5000.0
934,956,5000.0
934,978,5000.0
935,956,5000.0
935,957,5000.0
935,979,5000.0
936,957,5000.0
936,958,5000.0
936,980,5000.0
937,958,5000.0
937,959,5000.0
937,981,5000.0
938,959,5000.0
938,960,5000.0
938,982,5000.0
939,960,5000.0
939,961,5000.0
939,983,5000.0
940,961,5000.0
940,962,5000.0
940,984,5000.0
941,962,5000.0
941,963,5000.0
941,985,5000.0
942,963,5000.0
942,964,5000.0
942,986,5000.0
943,964,5000.0
943,965,5000.0
943,987,5000.0
944,944,9895.0
944,965,5000.0
944,988,2445.0
948,948,22090.0
948,971,2972.0
948,992,4267.0
949,949,11586.0
949,972,4402.0
950,972,5000.0
950,973,5000.0
950,994,5000.0
951,973,5000.0
951,974,5000.0
951,995,5000.0
952,974,5000.0
952,975,5000.0
952,996,5000.0
953,975,5000.0
953,976,5000.0
953,997,5000.0
954,976,5000.0
954,977,5000.0
954,998,5000.0
955,977,5000.0
955,978,5000.0
955,999,5000.0
956,978,5000.0
956,979,5000.0
956,1000,5000.0
957,979,5000.0
957,980,5000.0
957,1001,5000.0
958,980,5000.0
958,981,5000.0
958,1002,5000.0
959,981,5000.0
959,982,5000.0
959,1003,5000.0
960,982,5000.0
960,983,5000.0
960,1004,5000.0
961,983,5000.0
961,984,5000.0
961,1005,5000.0
962,984,5000.0
962,985,5000.0
962,1006,5000.0
963,985,5000.0
963,986,5000.0
963,1007,5000.0
964,986,5000.0
964,987,5000.0
964,1008,5000.0
965,987,5000.0
965,988,5000.0
965,1009,5000.0
971,971,17440.0
971,992,5000.0
971,993,786.0
971,1015,5000.0
972,972,10353.0
972,993,963.0
972,994,5000.0
972,1016,2756.0
973,994,5000.0
973,995,5000.0
973,1017,5000.0
974,995,5000.0
974,996,5000.0
974,1018,5000.0
975,996,5000.0
975,997,5000.0
975,1019,5000.0
976,997,5000.0
976,998,5000.0
976,1020,5000.0
977,998,5000.0
977,999,5000.0
977,1021,5000.0
978,999,5000.0
978,1000,5000.0
978,1022,5000.0
979,1000,5000.0
979,1001,5000.0
979,1023,5000.0
980,1001,5000.0
980,1002,5000.0
980,1024,5000.0
981,1002,5000.0
981,1003,5000.0
981,1025,5000.0
982,1003,5000.0
982,1004,5000.0
982,1026,5000.0
983,1004,5000.0
983,1005,5000.0
983,1027,5000.0
984,1005,5000.0
984,1006,5000.0
984,1028,5000.0
985,1006,5000.0
985,1007,5000.0
985,1029,5000.0
986,1007,5000.0
986,1008,5000.0
986,1030,5000.0
987,987,4884.0
987,1008,5000.0
987,1009,4846.0
987,1031,230.0
988,988,10481.0
988,1009,5000.0
988,1032,4185.0
992,992,13826.0
992,1015,5000.0
992,1036,1920.0
993,993,22096.0
993,1015,5000.0
993,1037,4384.0
994,994,4798.0
994,1016,3812.0
994,1017,5000.0
994,1038,5000.0
995,1017,5000.0
995,1018,5000.0
995,1039,5000.0
996,1018,5000.0
996,1019,5000.0
996,1040,5000.0
997,1019,5000.0
997,1020,5000.0
997,1041,5000.0
998,1020,5000.0
998,1021,5000.0
998,1042,5000.0
999,1021,5000.0
999,1022,5000.0
999,1043,5000.0
1000,1022,5000.0
1000,1023,5000.0
1000,1044,5000.0
1001,1023,5000.0
1001,1024,5000.0
1001,1045,5000.0
1002,1024,5000.0
1002,1025,5000.0
1002,1046,5000.0
1003,1025,5000.0
1003,1026,5000.0
1003,1047,5000.0
1004,1026,5000.0
1004,1027,5000.0
1004,1048,5000.0
1005,1027,5000.0
1005,1028,5000.0
1005,1049,5000.0
1006,1028,5000.0
1006,1029,5000.0
1006,1050,5000.0
1007,1029,5000.0
1007,1030,5000.0
1007,1051,5000.0
1008,1008,3828.0
1008,1030,5000.0
1008,1031,2024.0
1008,1052,5000.0
1009,1009,9766.0
1009,1032,4192.0
1015,1036,5000.0
1015,1037,5000.0
1015,1059,5000.0
1016,1016,48061.0
1016,1038,2667.0
1017,1038,5000.0
1017,1039,5000.0
1017,1061,5000.0
1018,1039,5000.0
1018,1040,5000.0
1018,1062,5000.0
1019,1040,5000.0
1019,1041,5000.0
1019,1063,5000.0
1020,1041,5000.0
1020,1042,5000.0
1020,1064,5000.0
1021,1042,5000.0
1021,1043,5000.0
1021,1065,5000.0
1022,1043,5000.0
1022,1044,5000.0
1022,1066,5000.0
1023,1044,5000.0
1023,1045,5000.0
1023,1067,5000.0
1024,1045,5000.0
1024,1046,5000.0
1024,1068,5000.0
1025,1046,5000.0
1025,1047,5000.0
1025,1069,5000.0
1026,1047,5000.0
1026,1048,5000.0
1026,1070,5000.0
1027,1048,5000.0
1027,1049,5000.0
1027,1071,5000.0
1028,1049,5000.0
1028,1050,5000.0
1028,1072,5000.0
1029,1050,5000.0
1029,1051,5000.0
1029,1073,5000.0
1030,1051,5000.0
1030,1052,5000.0
1030,1074,5000.0
1031,1031,9387.0
1031,1052,971.0
1032,1032,26034.0
1032,1053,1339.0
1032,1076,2960.0
1036,1036,12765.0
1036,1059,5000.0
1036,1080,2378.0
1037,1037,9972.0
1037,1059,5000.0
1037,1060,3008.0
1037,1081,5000.0
1038,1038,3569.0
1038,1060,4993.0
1038,1061,5000.0
1038,1082,5000.0
1039,1061,5000.0
1039,1062,5000.0
1039,1083,5000.0
1040,1062,5000.0
1040,1063,5000.0
1040,1084,5000.0
1041,1063,5000.0
1041,1064,5000.0
1041,1085,5000.0
1042,1064,5000.0
1042,1065,5000.0
1042,1086,5000.0
1043,1065,5000.0
1043,1066,5000.0
1043,1087,5000.0
1044,1066,5000.0
1044,1067,5000.0
1044,1088,5000.0
1045,1067,5000.0
1045,1068,5000.0
1045,1089,5000.0
1046,1068,5000.0
1046,1069,5000.0
1046,1090,5000.0
1047,1069,5000.0
1047,1070,5000.0
1047,1091,5000.0
1048,1070,5000.0
1048,1071,5000.0
1048,1092,5000.0
1049,1071,5000.0
1049,1072,5000.0
1049,1093,5000.0
1050,1072,5000.0
1050,1073,5000.0
1050,1094,5000.0
1051,1073,5000.0
1051,1074,5000.0
1051,1095,5000.0
1052,1052,12257.0
1052,1074,5000.0
1052,1096,355.0
1053,1053,4152.0
1053,1076,1325.0
1059,1080,5000.0
1059,1081,5000.0
1059,1103,5000.0
1060,1060,9405.0
1060,1081,5000.0
1060,1082,5000.0
1060,1104,5000.0
1061,1082,5000.0
1061,1083,5000.0
1061,1105,5000.0
1062,1083,5000.0
1062,1084,5000.0
1062,1106,5000.0
1063,1084,5000.0
1063,1085,5000.0
1063,1107,5000.0
1064,1085,5000.0
1064,1086,5000.0
1064,1108,5000.0
1065,1086,5000.0
1065,1087,5000.0
1065,1109,5000.0
1066,1087,5000.0
1066,1088,5000.0
1066,1110,5000.0
1067,1088,5000.0
1067,1089,5000.0
1067,1111,5000.0
1068,1089,5000.0
1068,1090,5000.0
1068,1112,5000.0
1069,1090,5000.0
1069,1091,5000.0
1069,1113,5000.0
1070,1091,5000.0
1070,1092,5000.0
1070,1114,5000.0
1071,1092,5000.0
1071,1093,5000.0
1071,1115,5000.0
1072,1093,5000.0
1072,1094,5000.0
1072,1116,5000.0
1073,1094,5000.0
1073,1095,5000.0
1073,1117,5000.0
1074,1074,2215.0
1074,1095,5000.0
1074,1096,2952.0
1074,1118,5000.0
1076,1076,26162.0
1076,1097,3072.0
1076,1120,2659.0
1080,1080,22182.0
1080,1103,4749.0
1080,1124,140.0
1081,1103,5000.0
1081,1104,5000.0
1081,1125,5000.0
1082,1104,5000.0
1082,1105,5000.0
1082,1126,5000.0
1083,1105,5000.0
1083,1106,5000.0
1083,1127,5000.0
1084,1106,5000.0
1084,1107,5000.0
1084,1128,5000.0
1085,1107,5000.0
1085,1108,5000.0
1085,1129,5000.0
1086,1108,5000.0
1086,1109,5000.0
1086,1130,5000.0
1087,1109,5000.0
1087,1110,5000.0
1087,1131,5000.0
1088,1110,5000.0
1088,1111,5000.0
1088,1132,5000.0
1089,1111,5000.0
1089,1112,5000.0
1089,1133,5000.0
1090,1112,5000.0
1090,1113,5000.0
1090,1134,5000.0
1091,1113,5000.0
1091,1114,5000.0
1091,1135,5000.0
1092,1114,5000.0
1092,1115,5000.0
1092,1136,5000.0
1093,1115,5000.0
1093,1116,5000.0
1093,1137,5000.0
1094,1116,5000.0
1094,1117,5000.0
1094,1138,5000.0
1095,1117,5000.0
1095,1118,5000.0
1095,1139,5000.0
1096,1096,12788.0
1096,1118,1862.0
1097,1097,9059.0
1097,1120,2071.0
1103,1103,2107.0
1103,1124,3738.0
1103,1125,5000.0
1103,1147,5000.0
1104,1125,5000.0
1104,1126,5000.0
1104,1148,5000.0
1105,1126,5000.0
1105,1127,5000.0
1105,1149,5000.0
1106,1127,5000.0
1106,1128,5000.0
1106,1150,5000.0
1107,1128,5000.0
1107,1129,5000.0
1107,1151,5000.0
1108,1129,5000.0
1108,1130,5000.0
1108,1152,5000.0
1109,1130,5000.0
1109,1131,5000.0
1109,1153,5000.0
1110,1131,5000.0
1110,1132,5000.0
1110,1154,5000.0
1111,1132,5000.0
1111,1133,5000.0
1111,1155,5000.0
1112,1133,5000.0
1112,1134,5000.0
1112,1156,5000.0
1113,1134,5000.0
1113,1135,5000.0
1113,1157,5000.0
1114,1135,5000.0
1114,1136,5000.0
1114,1158,5000.0
1115,1136,5000.0
1115,1137,5000.0
1115,1159,5000.0
1116,1137,5000.0
1116,1138,5000.0
1116,1160,5000.0
1117,1138,5000.0
1117,1139,5000.0
1117,1161,5000.0
1118,1118,9431.0
1118,1139,5000.0
1118,1140,1164.0
1118,1162,5000.0
1120,1120,26960.0
1120,1141,2765.0
1120,1164,760.0
1124,1124,42252.0
1124,1147,3290.0
1125,1147,5000.0
1125,1148,5000.0
1125,1169,5000.0
1126,1148,5000.0
1126,1149,5000.0
1126,1170,5000.0
1127,1149,5000.0
1127,1150,5000.0
1127,1171,5000.0
1128,1150,5000.0
1128,1151,5000.0
1128,1172,5000.0
1129,1151,5000.0
1129,1152,5000.0
1129,1173,5000.0
1130,1152,5000.0
1130,1153,5000.0
1130,1174,5000.0
1131,1153,5000.0
1131,1154,5000.0
1131,1175,5000.0
1132,1154,5000.0
1132,1155,5000.0
1132,1176,5000.0
1133,1155,5000.0
1133,1156,5000.0
1133,1177,5000.0
1134,1156,5000.0
1134,1157,5000.0
1134,1178,5000.0
1135,1157,5000.0
1135,1158,5000.0
1135,1179,5000.0
1136,1158,5000.0
1136,1159,5000.0
1136,1180,5000.0
1137,1159,5000.0
1137,1160,5000.0
1137,1181,5000.0
1138,1160,5000.0
1138,1161,5000.0
1138,1182,5000.0
1139,1161,5000.0
1139,1162,5000.0
1139,1183,5000.0
1140,1140,2527.0
1140,1162,741.0
1141,1141,14164.0
1141,1164,2189.0
1147,1147,12919.0
1147,1169,5000.0
1147,1191,1494.0
1148,1169,5000.0
1148,1170,5000.0
1148,1192,5000.0
1149,1170,5000.0
1149,1171,5000.0
1149,1193,5000.0
1150,1171,5000.0
1150,1172,5000.0
1150,1194,5000.0
1151,1172,5000.0
1151,1173,5000.0
1151,1195,5000.0
1152,1173,5000.0
1152,1174,5000.0
1152,1196,5000.0
1153,1174,5000.0
1153,1175,5000.0
1153,1197,5000.0
1154,1175,5000.0
1154,1176,5000.0
1154,1198,5000.0
1155,1176,5000.0
1155,1177,5000.0
1155,1199,5000.0
1156,1177,5000.0
1156,1178,5000.0
1156,1200,5000.0
1157,1178,5000.0
1157,1179,5000.0
1157,1201,5000.0
1158,1179,5000.0
1158,1180,5000.0
1158,1202,5000.0
1159,1180,5000.0
1159,1181,5000.0
1159,1203,5000.0
1160,1181,5000.0
1160,1182,5000.0
1160,1204,5000.0
1161,1182,5000.0
1161,1183,5000.0
1161,1205,5000.0
1162,1162,10822.0
1162,1183,5000.0
1162,1206,2406.0
1164,1164,14933.0
1169,1191,5000.0
1169,1192,5000.0
1169,1213,5000.0
1170,1192,5000.0
1170,1193,5000.0
1170,1214,5000.0
1171,1193,5000.0
1171,1194,5000.0
1171,1215,5000.0
1172,1194,5000.0
1172,1195,5000.0
1172,1216,5000.0
1173,1195,5000.0
1173,1196,5000.0
1173,1217,5000.0
1174,1196,5000.0
1174,1197,5000.0
1174,1218,5000.0
1175,1197,5000.0
1175,1198,5000.0
1175,1219,5000.0
1176,1198,5000.0
1176,1199,5000.0
1176,1220,5000.0
1177,1199,5000.0
1177,1200,5000.0
1177,1221,5000.0
1178,1200,5000.0
1178,1201,5000.0
1178,1222,5000.0
1179,1201,5000.0
1179,1202,5000.0
1179,1223,5000.0
1180,1202,5000.0
1180,1203,5000.0
1180,1224,5000.0
1181,1203,5000.0
1181,1204,5000.0
1181,1225,5000.0
1182,1204,5000.0
1182,1205,5000.0
1182,1226,5000.0
1183,1205,5000.0
1183,1206,5000.0
1183,1227,5000.0
1191,1191,15077.0
1191,1213,5000.0
1191,1235,1108.0
1192,1213,5000.0
1192,1214,5000.0
1192,1236,5000.0
1193,1214,5000.0
1193,1215,5000.0
1193,1237,5000.0
1194,1215,5000.0
1194,1216,5000.0
1194,1238,5000.0
1195,1216,5000.0
1195,1217,5000.0
1195,1239,5000.0
1196,1217,5000.0
1196,1218,5000.0
1196,1240,5000.0
1197,1218,5000.0
1197,1219,5000.0
1197,1241,5000.0
1198,1219,5000.0
1198,1220,5000.0
1198,1242,5000.0
1199,1220,5000.0
1199,1221,5000.0
1199,1243,5000.0
1200,1221,5000.0
1200,1222,5000.0
1200,1244,5000.0
1201,1222,5000.0
1201,1223,5000.0
1201,1245,5000.0
1202,1223,5000.0
1202,1224,5000.0
1202,1246,5000.0
1203,1224,5000.0
1203,1225,5000.0
1203,1247,5000.0
1204,1225,5000.0
1204,1226,5000.0
1204,1248,5000.0
1205,1226,5000.0
1205,1227,5000.0
1205,1249,5000.0
1206,1206,12579.0
1206,1227,5000.0
1206,1250,2474.0
1213,1235,5000.0
1213,1236,5000.0
1213,1257,5000.0
1214,1236,5000.0
1214,1237,5000.0
1214,1258,5000.0
1215,1237,5000.0
1215,1238,5000.0
1215,1259,5000.0
1216,1238,5000.0
1216,1239,5000.0
1216,1260,5000.0
1217,1239,5000.0
1217,1240,5000.0
1217,1261,5000.0
1218,1240,5000.0
1218,1241,5000.0
1218,1262,5000.0
1219,1241,5000.0
1219,1242,5000.0
1219,1263,5000.0
1220,1242,5000.0
1220,1243,5000.0
1220,1264,5000.0
1221,1243,5000.0
1221,1244,5000.0
1221,1265,5000.0
1222,1244,5000.0
1222,1245,5000.0
1222,1266,5000.0
1223,1245,5000.0
1223,1246,5000.0
1223,1267,5000.0
1224,1246,5000.0
1224,1247,5000.0
1224,1268,5000.0
1225,1247,5000.0
1225,1248,5000.0
1225,1269,5000.0
1226,1248,5000.0
1226,1249,5000.0
1226,1270,5000.0
1227,1227,22595.0
1227,1249,3042.0
1227,1250,276.0
1235,1235,22910.0
1235,1257,2283.0
1236,1257,5000.0
1236,1258,5000.0
1236,1280,5000.0
1237,1258,5000.0
1237,1259,5000.0
1237,1281,5000.0
1238,1259,5000.0
1238,1260,5000.0
1238,1282,5000.0
1239,1260,5000.0
1239,1261,5000.0
1239,1283,5000.0
1240,1261,5000.0
1240,1262,5000.0
1240,1284,5000.0
1241,1262,5000.0
1241,1263,5000.0
1241,1285,5000.0
1242,1263,5000.0
1242,1264,5000.0
1242,1286,5000.0
1243,1264,5000.0
1243,1265,5000.0
1243,1287,5000.0
1244,1265,5000.0
1244,1266,5000.0
1244,1288,5000.0
1245,1266,5000.0
1245,1267,5000.0
1245,1289,5000.0
1246,1267,5000.0
1246,1268,5000.0
1246,1290,5000.0
1247,1268,5000.0
1247,1269,5000.0
1247,1291,5000.0
1248,1269,5000.0
1248,1270,5000.0
1248,1292,5000.0
1249,1249,3884.0
1249,1270,5000.0
1249,1271,4161.0
1249,1293,5000.0
1250,1250,15017.0
1250,1272,424.0
1257,1257,7896.0
1257,1279,498.0
1257,1280,5000.0
1257,1301,5000.0
1258,1280,5000.0
1258,1281,5000.0
1258,1302,5000.0
1259,1281,5000.0
1259,1282,5000.0
1259,1303,5000.0
1260,1282,5000.0
1260,1283,5000.0
1260,1304,5000.0
1261,1283,5000.0
1261,1284,5000.0
1261,1305,5000.0
1262,1284,5000.0
1262,1285,5000.0
1262,1306,5000.0
1263,1285,5000.0
1263,1286,5000.0
1263,1307,5000.0
1264,1286,5000.0
1264,1287,5000.0
1264,1308,5000.0
1265,1287,5000.0
1265,1288,5000.0
1265,1309,5000.0
1266,1288,5000.0
1266,1289,5000.0
1266,1310,5000.0
1267,1289,5000.0
1267,1290,5000.0
1267,1311,5000.0
1268,1290,5000.0
1268,1291,5000.0
1268,1312,5000.0
1269,1291,5000.0
1269,1292,5000.0
1269,1313,5000.0
1270,1292,5000.0
1270,1293,5000.0
1270,1314,5000.0
1271,1271,12735.0
1271,1293,5000.0
1271,1315,2374.0
1272,1272,14271.0
1272,1294,4700.0
1272,1316,3979.0
1279,1279,2004.0
1279,1301,402.0
1280,1301,5000.0
1280,1302,5000.0
1280,1324,5000.0
1281,1302,5000.0
1281,1303,5000.0
1281,1325,5000.0
1282,1303,5000.0
1282,1304,5000.0
1282,1326,5000.0
1283,1304,5000.0
1283,1305,5000.0
1283,1327,5000.0
1284,1305,5000.0
1284,1306,5000.0
1284,1328,5000.0
1285,1306,5000.0
1285,1307,5000.0
1285,1329,5000.0
1286,1307,5000.0
1286,1308,5000.0
1286,1330,5000.0
1287,1308,5000.0
1287,1309,5000.0
1287,1331,5000.0
1288,1309,5000.0
1288,1310,5000.0
1288,1332,5000.0
1289,1310,5000.0
1289,1311,5000.0
1289,1333,5000.0
1290,1311,5000.0
1290,1312,5000.0
1290,1334,5000.0
1291,1312,5000.0
1291,1313,5000.0
1291,1335,5000.0
1292,1313,5000.0
1292,1314,5000.0
1292,1336,5000.0
1293,1314,5000.0
1293,1315,5000.0
1293,1337,5000.0
1294,1294,19350.0
1294,1316,5000.0
1294,1338,117.0
1301,1301,13749.0
1301,1324,5000.0
1301,1345,1375.0
1302,1324,5000.0
1302,1325,5000.0
1302,1346,5000.0
1303,1325,5000.0
1303,1326,5000.0
1303,1347,5000.0
1304,1326,5000.0
1304,1327,5000.0
1304,1348,5000.0
1305,1327,5000.0
1305,1328,5000.0
1305,1349,5000.0
1306,1328,5000.0
1306,1329,5000.0
1306,1350,5000.0
1307,1329,5000.0
1307,1330,5000.0
1307,1351,5000.0
1308,1330,5000.0
1308,1331,5000.0
1308,1352,5000.0
1309,1331,5000.0
1309,1332,5000.0
1309,1353,5000.0
1310,1332,5000.0
1310,1333,5000.0
1310,1354,5000.0
1311,1333,5000.0
1311,1334,5000.0
1311,1355,5000.0
1312,1334,5000.0
1312,1335,5000.0
1312,1356,5000.0
1313,1335,5000.0
1313,1336,5000.0
1313,1357,5000.0
1314,1336,5000.0
1314,1337,5000.0
1314,1358,5000.0
1315,1315,12526.0
1315,1337,5000.0
1315,1359,1526.0
1316,1316,19482.0
1316,1338,651.0
1324,1324,5108.0
1324,1345,4940.0
1324,1346,5000.0
1324,1368,1110.0
1325,1346,5000.0
1325,1347,5000.0
1325,1369,5000.0
1326,1347,5000.0
1326,1348,5000.0
1326,1370,5000.0
1327,1348,5000.0
1327,1349,5000.0
1327,1371,5000.0
1328,1349,5000.0
1328,1350,5000.0
1328,1372,5000.0
1329,1350,5000.0
1329,1351,5000.0
1329,1373,5000.0
1330,1351,5000.0
1330,1352,5000.0
1330,1374,5000.0
1331,1352,5000.0
1331,1353,5000.0
1331,1375,5000.0
1332,1353,5000.0
1332,1354,5000.0
1332,1376,5000.0
1333,1354,5000.0
1333,1355,5000.0
1333,1377,5000.0
1334,1355,5000.0
1334,1356,5000.0
1334,1378,5000.0
1335,1335,12577.0
1335,1356,4801.0
1335,1357,4419.0
1335,1379,960.0
1336,1357,5000.0
1336,1358,5000.0
1336,1380,5000.0
1337,1337,5627.0
1337,1358,5000.0
1337,1359,2173.0
1337,1381,3015.0
1338,1338,31079.0
1338,1360,469.0
1345,1345,13582.0
1346,1368,5000.0
1346,1369,5000.0
1346,1390,5000.0
1347,1369,5000.0
1347,1370,5000.0
1347,1391,5000.0
1348,1370,5000.0
1348,1371,5000.0
1348,1392,5000.0
1349,1371,5000.0
1349,1372,5000.0
1349,1393,5000.0
1350,1372,5000.0
1350,1373,5000.0
1350,1394,5000.0
1351,1373,5000.0
1351,1374,5000.0
1351,1395,5000.0
1352,1374,5000.0
1352,1375,5000.0
1352,1396,5000.0
1353,1375,5000.0
1353,1376,5000.0
1353,1397,5000.0
1354,1376,5000.0
1354,1377,5000.0
1354,1398,5000.0
1355,1377,5000.0
1355,1378,5000.0
1355,1399,5000.0
1356,1356,15912.0
1356,1378,5000.0
1356,1379,2807.0
1356,1400,5000.0
1357,1357,20639.0
1357,1379,1456.0
1357,1380,5000.0
1357,1401,4257.0
1358,1380,5000.0
1358,1381,5000.0
1358,1402,5000.0
1359,1359,4309.0
1360,1360,1273.0
1368,1368,9002.0
1368,1390,1313.0
1369,1390,5000.0
1369,1391,5000.0
1369,1413,5000.0
1370,1391,5000.0
1370,1392,5000.0
1370,1414,5000.0
1371,1392,5000.0
1371,1393,5000.0
1371,1415,5000.0
1372,1393,5000.0
1372,1394,5000.0
1372,1416,5000.0
1373,1394,5000.0
1373,1395,5000.0
1373,1417,5000.0
1374,1395,5000.0
1374,1396,5000.0
1374,1418,5000.0
1375,1396,5000.0
1375,1397,5000.0
1375,1419,5000.0
1376,1397,5000.0
1376,1398,5000.0
1376,1420,5000.0
1377,1398,5000.0
1377,1399,5000.0
1377,1421,5000.0
1378,1378,25737.0
1378,1399,5000.0
1378,1400,3398.0
1378,1422,586.0
1379,1379,35656.0
1379,1400,5000.0
1379,1401,266.0
1379,1423,214.0
1380,1401,5000.0
1380,1402,5000.0
1380,1424,5000.0
1381,1381,23882.0
1381,1402,4513.0
1381,1425,1407.0
1390,1390,21969.0
1390,1413,5000.0
1390,1434,2865.0
1391,1413,5000.0
1391,1414,5000.0
1391,1435,5000.0
1392,1414,5000.0
1392,1415,5000.0
1392,1436,5000.0
1393,1415,5000.0
1393,1416,5000.0
1393,1437,5000.0
1394,1416,5000.0
1394,1417,5000.0
1394,1438,5000.0
1395,1417,5000.0
1395,1418,5000.0
1395,1439,5000.0
1396,1418,5000.0
1396,1419,5000.0
1396,1440,5000.0
1397,1419,5000.0
1397,1420,5000.0
1397,1441,5000.0
1398,1420,5000.0
1398,1421,5000.0
1398,1442,5000.0
1399,1421,5000.0
1399,1422,5000.0
1399,1443,5000.0
1400,1400,21630.0
1400,1422,1300.0
1400,1423,4377.0
1400,1444,1790.0
1401,1401,20576.0
1401,1424,2763.0
1402,1402,28280.0
1402,1424,5000.0
1402,1425,659.0
1402,1446,2720.0
1403,1403,11828.0
1403,1425,1128.0
1403,1447,510.0
1413,1434,5000.0
1413,1435,5000.0
1413,1457,5000.0
1414,1435,5000.0
1414,1436,5000.0
1414,1458,5000.0
1415,1436,5000.0
1415,1437,5000.0
1415,1459,5000.0
1416,1437,5000.0
1416,1438,5000.0
1416,1460,5000.0
1417,1438,5000.0
1417,1439,5000.0
1417,1461,5000.0
1418,1439,5000.0
1418,1440,5000.0
1418,1462,5000.0
1419,1440,5000.0
1419,1441,5000.0
1419,1463,5000.0
1420,1441,5000.0
1420,1442,5000.0
1420,1464,5000.0
1421,1442,5000.0
1421,1443,5000.0
1421,1465,5000.0
1422,1422,29016.0
1422,1443,4453.0
1422,1444,899.0
1422,1466,305.0
1423,1423,15114.0
1423,1444,5000.0
1423,1467,2339.0
1424,1424,23307.0
1424,1445,1277.0
1424,1446,76.0
1424,1468,674.0
1425,1425,33801.0
1425,1446,5000.0
1425,1447,5000.0
1425,1469,5000.0
1434,1434,20131.0
1434,1457,1944.0
1435,1457,5000.0
1435,1458,5000.0
1435,1479,5000.0
1436,1458,5000.0
1436,1459,5000.0
1436,1480,5000.0
1437,1459,5000.0
1437,1460,5000.0
1437,1481,5000.0
1438,1460,5000.0
1438,1461,5000.0
1438,1482,5000.0
1439,1461,5000.0
1439,1462,5000.0
1439,1483,5000.0
1440,1462,5000.0
1440,1463,5000.0
1440,1484,5000.0
1441,1463,5000.0
1441,1464,5000.0
1441,1485,5000.0
1442,1464,5000.0
1442,1465,5000.0
1442,1486,5000.0
1443,1443,9667.0
1443,1465,5000.0
1443,1466,2616.0
1443,1487,4048.0
1444,1444,33389.0
1444,1466,3101.0
1444,1467,5000.0
1444,1488,1608.0
1445,1445,6417.0
1445,1468,2745.0
1446,1446,38438.0
1446,1469,4587.0
1446,1490,1381.0
1447,1447,14044.0
1447,1469,5000.0
1447,1491,2464.0
1457,1457,14455.0
1457,1479,5000.0
1457,1501,2023.0
1458,1479,5000.0
1458,1480,5000.0
1458,1502,5000.0
1459,1480,5000.0
1459,1481,5000.0
1459,1503,5000.0
1460,1481,5000.0
1460,1482,5000.0
1460,1504,5000.0
1461,1482,5000.0
1461,1483,5000.0
1461,1505,5000.0
1462,1483,5000.0
1462,1484,5000.0
1462,1506,5000.0
1463,1484,5000.0
1463,1485,5000.0
1463,1507,5000.0
1464,1485,5000.0
1464,1486,5000.0
1464,1508,5000.0
1465,1486,5000.0
1465,1487,5000.0
1465,1509,5000.0
1466,1466,33429.0
1466,1487,3961.0
1466,1488,2941.0
1467,1467,11769.0
1467,1488,2048.0
1468,1468,25564.0
1468,1489,4191.0
1468,1512,3033.0
1469,1469,1107.0
1469,1490,5000.0
1469,1491,5000.0
1469,1513,5000.0
1479,1501,5000.0
1479,1502,5000.0
1479,1523,5000.0
1480,1502,5000.0
1480,1503,5000.0
1480,1524,5000.0
1481,1503,5000.0
1481,1504,5000.0
1481,1525,5000.0
1482,1504,5000.0
1482,1505,5000.0
1482,1526,5000.0
1483,1505,5000.0
1483,1506,5000.0
1483,1527,5000.0
1484,1506,5000.0
1484,1507,5000.0
1484,1528,5000.0
1485,1507,5000.0
1485,1508,5000.0
1485,1529,5000.0
1486,1508,5000.0
1486,1509,5000.0
1486,1530,5000.0
1487,1487,43779.0
1487,1509,4961.0
1487,1510,2605.0
1487,1531,1318.0
1488,1488,16448.0
1489,1489,16240.0
1489,1512,5000.0
1489,1533,4512.0
1490,1490,44945.0
1490,1512,835.0
1490,1513,2831.0
1490,1534,2273.0
1491,1491,10451.0
1491,1513,204.0
1501,1501,14840.0
1501,1523,5000.0
1501,1545,762.0
1502,1502,16242.0
1502,1523,2324.0
1502,1524,5000.0
1502,1546,3000.0
1503,1524,5000.0
1503,1525,5000.0
1503,1547,5000.0
1504,1525,5000.0
1504,1526,5000.0
1504,1548,5000.0
1505,1526,5000.0
1505,1527,5000.0
1505,1549,5000.0
1506,1527,5000.0
1506,1528,5000.0
1506,1550,5000.0
1507,1528,5000.0
1507,1529,5000.0
1507,1551,5000.0
1508,1508,11983.0
1508,1529,2011.0
1508,1530,5000.0
1508,1552,5000.0
1509,1509,7793.0
1509,1530,5000.0
1509,1531,2304.0
1509,1553,5000.0
1510,1510,15580.0
1510,1531,5000.0
1510,1554,2880.0
1512,1512,19274.0
1512,1533,4361.0
1512,1534,5000.0
1512,1556,4213.0
1513,1513,29132.0
1513,1534,4621.0
1513,1535,948.0
1513,1557,5000.0
1523,1523,20658.0
1523,1545,3344.0
1523,1546,378.0
1523,1567,1689.0
1524,1546,5000.0
1524,1547,5000.0
1524,1568,5000.0
1525,1547,5000.0
1525,1548,5000.0
1525,1569,5000.0
1526,1548,5000.0
1526,1549,5000.0
1526,1570,5000.0
1527,1549,5000.0
1527,1550,5000.0
1527,1571,5000.0
1528,1550,5000.0
1528,1551,5000.0
1528,1572,5000.0
1529,1529,27778.0
1529,1551,5000.0
1529,1552,3436.0
1529,1573,5000.0
1530,1530,10466.0
1530,1552,2012.0
1530,1553,5000.0
1530,1574,4926.0
1531,1531,52623.0
1531,1553,168.0
1531,1554,5000.0
1531,1575,659.0
1533,1533,26405.0
1533,1556,2722.0
1534,1534,13079.0
1534,1556,5000.0
1534,1557,4891.0
1534,1578,4244.0
1535,1535,6295.0
1535,1557,2990.0
1545,1545,15113.0
1545,1567,263.0
1546,1546,29569.0
1546,1568,5000.0
1546,1590,3176.0
1547,1568,5000.0
1547,1569,5000.0
1547,1591,5000.0
1548,1569,5000.0
1548,1570,5000.0
1548,1592,5000.0
1549,1570,5000.0
1549,1571,5000.0
1549,1593,5000.0
1550,1571,5000.0
1550,1572,5000.0
1550,1594,5000.0
1551,1572,5000.0
1551,1573,5000.0
1551,1595,5000.0
1552,1552,45480.0
1552,1573,5000.0
1552,1574,1120.0
1552,1596,3633.0
1553,1553,11247.0
1553,1574,5000.0
1553,1575,513.0
1553,1597,5000.0
1554,1554,25220.0
1554,1575,1019.0
1554,1598,4494.0
1556,1556,17705.0
1556,1577,4665.0
1556,1578,5000.0
1556,1600,5000.0
1557,1557,16418.0
1557,1578,1724.0
1557,1579,3189.0
1557,1601,5000.0
1567,1567,18906.0
1567,1590,2204.0
1568,1590,5000.0
1568,1591,5000.0
1568,1612,5000.0
1569,1591,5000.0
1569,1592,5000.0
1569,1613,5000.0
1570,1592,5000.0
1570,1593,5000.0
1570,1614,5000.0
1571,1593,5000.0
1571,1594,5000.0
1571,1615,5000.0
1572,1594,5000.0
1572,1595,5000.0
1572,1616,5000.0
1573,1595,5000.0
1573,1596,5000.0
1573,1617,5000.0
1574,1574,21171.0
1574,1597,5000.0
1574,1618,855.0
1575,1575,34137.0
1575,1597,1009.0
1575,1598,3532.0
1575,1619,563.0
1577,1577,9489.0
1577,1600,1148.0
1578,1578,42857.0
1578,1600,3547.0
1578,1601,2464.0
1579,1579,8432.0
1579,1601,1221.0
1590,1590,31656.0
1590,1612,5000.0
1590,1634,2012.0
1591,1612,5000.0
1591,1613,5000.0
1591,1635,5000.0
1592,1613,5000.0
1592,1614,5000.0
1592,1636,5000.0
1593,1614,5000.0
1593,1615,5000.0
1593,1637,5000.0
1594,1615,5000.0
1594,1616,5000.0
1594,1638,5000.0
1595,1616,5000.0
1595,1617,5000.0
1595,1639,5000.0
1596,1596,18990.0
1596,1617,2824.0
1596,1640,716.0
1597,1597,28938.0
1597,1618,117.0
1597,1619,5000.0
1597,1641,2307.0
1598,1598,15299.0
1598,1619,281.0
1600,1600,17696.0
1601,1601,20402.0
1601,1623,784.0
1611,1611,641.0
1612,1634,5000.0
1612,1635,5000.0
1612,1656,5000.0
1613,1635,5000.0
1613,1636,5000.0
1613,1657,5000.0
1614,1636,5000.0
1614,1637,5000.0
1614,1658,5000.0
1615,1637,5000.0
1615,1638,5000.0
1615,1659,5000.0
1616,1638,5000.0
1616,1639,5000.0
1616,1660,5000.0
1617,1617,6910.0
1617,1639,5000.0
1617,1640,3934.0
1617,1661,5000.0
1618,1618,13392.0
1618,1662,563.0
1619,1619,19720.0
1619,1641,5000.0
1619,1663,1463.0
1623,1623,5181.0
1634,1634,15377.0
1634,1656,5000.0
1634,1678,52.0
1635,1656,5000.0
1635,1657,5000.0
1635,1679,5000.0
1636,1657,5000.0
1636,1658,5000.0
1636,1680,5000.0
1637,1658,5000.0
1637,1659,5000.0
1637,1681,5000.0
1638,1659,5000.0
1638,1660,5000.0
1638,1682,5000.0
1639,1660,5000.0
1639,1661,5000.0
1639,1683,5000.0
1640,1640,19455.0
1640,1661,2882.0
1641,1641,17306.0
1641,1662,3431.0
1641,1663,5000.0
1641,1685,5000.0
1656,1656,8824.0
1656,1678,4704.0
1656,1679,2076.0
1656,1700,3054.0
1657,1657,10032.0
1657,1679,791.0
1657,1680,5000.0
1657,1701,3540.0
1658,1680,5000.0
1658,1681,5000.0
1658,1702,5000.0
1659,1681,5000.0
1659,1682,5000.0
1659,1703,5000.0
1660,1682,5000.0
1660,1683,5000.0
1660,1704,5000.0
1661,1661,20378.0
1661,1683,5000.0
1661,1705,1976.0
1662,1662,43013.0
1662,1684,4264.0
1662,1685,2661.0
1662,1706,1846.0
1663,1663,20813.0
1663,1685,5000.0
1663,1707,1823.0
1678,1678,16606.0
1678,1700,1777.0
1679,1679,22324.0
1680,1680,15533.0
1680,1701,1638.0
1680,1702,3154.0
1681,1681,7507.0
1681,1702,2710.0
1681,1703,5000.0
1681,1725,274.0
1682,1703,5000.0
1682,1704,5000.0
1682,1726,5000.0
1683,1704,5000.0
1683,1705,5000.0
1683,1727,5000.0
1684,1684,11623.0
1684,1706,1377.0
1685,1685,21147.0
1685,1706,303.0
1685,1707,5000.0
1685,1729,3962.0
1700,1700,10342.0
1701,1701,8403.0
1702,1702,14988.0
1703,1703,6521.0
1703,1725,1729.0
1703,1726,5000.0
1703,1747,3809.0
1704,1726,5000.0
1704,1727,5000.0
1704,1748,5000.0
1705,1705,10807.0
1705,1727,2235.0
1706,1706,36031.0
1707,1707,10245.0
1707,1729,4114.0
1725,1725,7668.0
1726,1747,5000.0
1726,1748,5000.0
1726,1770,5000.0
1727,1727,27844.0
1727,1748,5000.0
1727,1771,2308.0
1729,1729,24934.0
1747,1747,16684.0
1747,1770,2339.0
1748,1748,11028.0
1748,1770,1183.0
1748,1771,5000.0
1748,1792,1766.0
1770,1770,12155.0
1771,1771,9151.0
1771,1792,548.0
1792,1792,8781.0
